1001101011010111110000110010101101010111100011010111100011010111 00001000001000000000001000001000000000000000000000000000000000000000000000000000
0101110011101011010111100011010111100011010111100011010111100011 10001000000000010000010100000000000000000000000000000000000000000000000000000000
1010101010101010101010101010101010101010101010101010101010101010 00000000000000000000000000000000000000000000000000000000000000000000000000000001
1111111111111111111111111111111111111111111111111111111111111111 11111111111111111111111111111111111111111111111111111111111111111111111111111111
1100110011001100110011001100110011001100110011001100110011001100 00000000000011110000000000000000000000000000000000000000000000000000000000000000
1111000011110000111100001111000011110000111100001111000011110000 00000000000000000000000000000011000000000000000000000000000000000000000000000000
1001100110011001100110011001100110011001100110011001100110011001 00000000000010000000000000001001000000000000000000000000000000000000000000000000
1111111100000000111111110000000011111111000000001111111100000000 11111111000000000000000000000000000000000000000000000000000000000000000000000000
0000111100001111000011110000111100001111000011110000111100001111 00000000000000000000000000000000000000000000000000000000000011110000000000000000
1010010110100101101001011010010110100101101001011010010110100101 00000000000000000000000000000000000000000000000000000000000000000000000000000011
0110100110010110100110010110100110010110100110010110100110010110 00000000000000000000000000000000000000000000000000000000000000000000000000001100
1101010101010101010101010101010101010101010101010101010101010101 00000000000000000000000000000000000000000000000000000000000000000000000000000010